0,0,0
0,0,0
0,0,0
0,0,0
0,0,0
0.089487,2.8296,-1.3482
1.3701,1.124,-0.92335
1.1198,0.78909,-0.33809
1.3766,0.39763,-0.20348
1.4716,0.19827,-0.099041
1.5213,0.099054,-0.049527
1.546,0.049517,-0.024758
1.5584,0.024757,-0.012379
1.5646,0.012378,-0.0061892
1.5677,0.0061892,-0.0030946
1.5692,0.0030946,-0.0015473
1.57,0.0015473,-0.00077365
1.5704,0.00077365,-0.00038682
1.5706,0.00038682,-0.00019341
1.5707,0.00019341,-9.6706e-05
1.5707,9.6706e-05,-4.8353e-05
1.5708,4.8353e-05,-2.4176e-05
1.5708,2.4176e-05,-1.2088e-05
1.5708,1.2088e-05,-6.0441e-06
1.5708,6.0441e-06,-3.0221e-06
1.5708,3.0221e-06,-1.511e-06
1.5708,1.511e-06,-7.5551e-07
