0,0,0
0,0,0
0,0,0
0,0,0
0,0,0
2.9173,0.26726,3.0986
0.479,-1.322,0.84296
0.39209,-0.68961,0.29752
0.17104,-0.34796,0.17692
0.08684,-0.17359,0.08675
0.04337,-0.08674,0.04337
0.021682,-0.043363,0.021682
0.01084,-0.021681,0.01084
0.0054202,-0.01084,0.0054202
0.0027101,-0.0054201,0.0027101
0.001355,-0.0027101,0.001355
0.00067752,-0.001355,0.00067752
0.00033876,-0.00067752,0.00033876
0.00016938,-0.00033876,0.00016938
8.469e-05,-0.00016938,8.469e-05
4.2345e-05,-8.469e-05,4.2345e-05
2.1172e-05,-4.2345e-05,2.1172e-05
1.0586e-05,-2.1172e-05,1.0586e-05
5.2931e-06,-1.0586e-05,5.2931e-06
2.6466e-06,-5.2931e-06,2.6466e-06
1.3233e-06,-2.6466e-06,1.3233e-06
6.6164e-07,-1.3233e-06,6.6164e-07
